BNF	Sample	Subsample	"31P"	"39K"	"51V"	"56Fe"	"98Mo"	Plot	Habitat
0.866655457	417-2	2	3.02464191	-0.078871088	0.00114931	0.437220159	9.64456E-05	417	"Shrub Tundra"
3.95796398	417-3	3	3.490405728	-0.087260143	0.000677351	0.206363007	5.06205E-05	417	"Shrub Tundra"
89.29252596	416-1	1	0.48274946	-0.022883153	0.000654428	0.25675378	3.70842E-05	416	"Shrub Tundra"
19.32238165	416-2	2	0.360852029	-0.01779673	0.000609857	0.26250358	3.13365E-05	416	"Shrub Tundra"
30.91562369	416-3	3	0.423865424	-0.020852422	0.000595963	0.233575569	3.34576E-05	416	"Shrub Tundra"
21.07618227	415-1	1	2.182672566	-0.073068584	0.001394336	0.466119469	6.25664E-05	415	"Shrub Tundra"
30.6941865	415-2	2	1.834310559	-0.053981677	0.001003727	0.308928261	4.07764E-05	415	"Shrub Tundra"
24.4546951	415-3	3	2.162156388	-0.072568722	0.001799758	0.64404185	4.89427E-05	415	"Shrub Tundra"
9.517953237	414-1	1	1.456609375	-0.0795375	0.000830094	0.226587188	0.00002525	414	"Shrub Tundra"
18.10588978	414-2	2	0.512141414	-0.042093535	0.00030402	0.17680101	1.22424E-05	414	"Shrub Tundra"
19.27689925	414-3	3	1.167111111	-0.0517625	0.000923028	0.253369722	2.24444E-05	414	"Shrub Tundra"
55.27815968	412-1	1	0.623146998	-0.040588199	0.000522774	0.143198344	1.88199E-05	412	"Shrub Tundra"
61.31741733	412-2	2	0.331727545	-0.024899222	0.000314491	0.082160778	1.51198E-05	412	"Shrub Tundra"
30.06477606	412-3	3	0.412911765	-0.021031765	0.000379811	0.105201261	1.90966E-05	412	"Shrub Tundra"
34.9580213	411-1	1	0.788315545	-0.045672622	0.000717077	0.258241299	1.64037E-05	411	"Shrub Tundra"
58.90306003	411-2	2	0.830663415	-0.049120488	0.001140561	0.44267561	2.9561E-05	411	"Shrub Tundra"
61.95257689	411-3	3	1.037253968	-0.055053016	0.001337048	0.439590476	3.20635E-05	411	"Shrub Tundra"
2.786380226	408-2	2	0.702135321	-0.030415826	0.000745917	0.146056193	3.24312E-05	408	"Shrub Tundra"
4.777549715	408-3	3	0.980305243	-0.051767228	0.000809513	0.21126779	3.21536E-05	408	"Shrub Tundra"
1.940815975	407-1	1	3.339974425	-0.112365729	0.002944757	1.130890026	0.000105908	407	"Shrub Tundra"
1.205824647	407-2	2	1.534890026	-0.034562148	0.001348389	0.517398977	4.13299E-05	407	"Shrub Tundra"
4.455336464	407-3	3	2.650091743	-0.088259174	0.002175206	0.816802752	7.87615E-05	407	"Shrub Tundra"
37.96938691	402-1	1	0.8012	-0.0475	0.00073	0.4708	0.00002	402	"Shrub Tundra"
29.81650829	402-2	2	0.8787	-0.0537118	0.00138976	0.627614	0.0000303	402	"Shrub Tundra"
41.08671042	402-3	3	0.36492389	-0.019021311	0.000435603	0.183252008	1.28118E-05	402	"Shrub Tundra"
30.75645505	401-1	1	2.426213699	-0.156702192	0.000653041	0.23409863	0.000107918	401	"Shrub Tundra"
44.56362041	401-2	2	1.21822409	-0.090164426	0.000299888	0.098085994	1.69748E-05	401	"Shrub Tundra"
30.66368491	401-3	3	1.767100264	-0.087035884	0.000213193	0.071179683	2.13193E-05	401	"Shrub Tundra"
15.88497201	399-1	1	1.407816	-0.062610	0.001932	0.788161	0.000036	399	"Shrub Tundra"
22.80247986	399-2	2	1.343300	-0.080800	0.001203	0.414991	0.000027	399	"Shrub Tundra"
17.23232969	399-3	3	1.440152	-0.035079	0.004043	1.216810	0.000024	399	"Shrub Tundra"
21.10310152	398-1	1	0.878286	-0.027320	0.000495	0.142437	0.000020	398	"Shrub Tundra"
32.55341971	398-2	2	0.587802	-0.032052	0.000723	0.235212	0.000023	398	"Shrub Tundra"
27.11136357	398-3	3	1.438157	-0.083906	0.002034	0.865057	0.000101	398	"Shrub Tundra"
23.126539	394-1	1	0.652021	-0.032308	0.000241	0.068816	0.000012	394	"Forest Tundra"
21.1437556	394-2	2	0.495766	-0.028088	0.000202	0.060677	0.000013	394	"Forest Tundra"
13.44533796	394-3	3	0.704262	-0.031061	0.000265	0.102582	0.000012	394	"Forest Tundra"
36.96445614	393-1	1	1.262880	-0.042096	0.001235	0.518416	0.000018	393	"Forest Tundra"
33.48793051	393-2	2	1.254817	-0.046321	0.001375	0.523848	0.000023	393	"Forest Tundra"
54.03839143	393-3	3	1.569307	-0.066817	0.002068	0.863829	0.000033	393	"Forest Tundra"
40.67866511	389-1	1	1.782685	-0.115479	0.001036	0.358562	0.000061	389	"Forest Tundra"
37.28398223	389-2	2	1.889677	-0.114862	0.001354	0.479528	0.000068	389	"Forest Tundra"
28.12423579	389-3	3	1.089903	-0.056697	0.001005	0.334381	0.000047	389	"Forest Tundra"
16.15578135	388-1	1	1.572848	-0.058067	0.001498	0.442149	0.000022	388	"Forest Tundra"
13.02317893	388-2	2	1.652187	-0.069917	0.001507	0.534436	0.000027	388	"Forest Tundra"
16.28505542	388-3	3	1.686493	-0.076831	0.001170	0.308331	0.000018	388	"Forest Tundra"
0.869521013	387-2	2	2.399926	-0.078299	0.002614	0.782797	0.000019	387	"Forest Tundra"
3.687867352	387-3	3	2.671697	-0.075322	0.004320	1.300797	0.000031	387	"Forest Tundra"
1.755726793	386-1	1	3.105268	-0.133777	0.004999	1.414965	0.000084	386	"Forest Tundra"
1.500744777	386-2	2	2.957599	-0.103606	0.003421	1.061948	0.000078	386	"Forest Tundra"
1.989002794	386-3	3	NA	NA	NA	NA	NA	386	"Forest Tundra"
10.07356056	383-1	1	1.827934426	-0.051375176	0.002502529	0.819826698	5.44028E-05	383	"Forest Tundra"
12.12052882	383-2	2	1.415216867	-0.050621687	0.002077801	0.689051205	3.6506E-05	383	"Forest Tundra"
3.130583319	383-3	3	1.726864119	-0.053759448	0.002839151	0.944596603	5.1465E-05	383	"Forest Tundra"
0.828013427	382-1	1	NA	NA	NA	NA	NA	382	"Forest Tundra"
0.395852647	382-2	2	1.749979592	-0.071009184	0.002675469	0.811916327	2.88571E-05	382	"Forest Tundra"
0.478083594	382-3	3	0.850690722	-0.035714433	0.001512397	0.477927835	1.82216E-05	382	"Forest Tundra"
5.693890952	380-1	1	22.77	0.517	0.006	1.753	0	380	"Forest Tundra"
15.88203145	380-2	2	1.338101761	-0.056350489	0.001393444	0.500058708	2.96477E-05	380	"Forest Tundra"
4.093084021	380-3	3	46.65	0.151	0.017	2.835	0.001	380	"Forest Tundra"
42.34177071	379-1	1	1.262804217	-0.050013253	0.000781837	0.243221386	3.34639E-05	379	"Forest Tundra"
27.7110126	379-2	2	2.009807339	-0.103223853	0.000880275	0.236593272	4.63303E-05	379	"Forest Tundra"
23.58155023	379-3	3	0.966192771	-0.041190964	0.00053238	0.139453012	2.43373E-05	379	"Forest Tundra"
8.240318583	375-1	1	0.25793039	-0.013641558	0.000204623	0.063092208	1.04935E-05	375	"Forest Tundra"
4.54979103	375-2	2	0.684231214	-0.026391358	0.000294827	0.107801445	1.16763E-05	375	"Forest Tundra"
11.60404581	375-3	3	0.189603207	-0.008501079	0.000212012	1.426072886	5.00583E-05	375	"Forest Tundra"
4.610128139	370-1	1	0.778817156	-0.030026411	0.000294108	0.109960045	9.11964E-06	370	"Forest Tundra"
5.509381047	370-2	2	0.486223092	-0.021049902	0.000264853	0.10926184	3.95303E-06	370	"Forest Tundra"
2.977664542	370-3	3	0.309981567	-0.012659908	0.000151267	0.053688249	2.32719E-06	370	"Forest Tundra"